w_x=40000
w_y=121
w_c=1.24623e-05
h_x=0.005
h_y=0.0909091
xSize=201
ySize=12
